0
0
0
0
0
0
0
7
7
8
7
8
7
8
7
7
8
7
8
7
8
7
8
13
22
38
38
39
61
38
17
19
19
88
28
37
30
37
47
60
58
74
29
53
36
28
43
84
48
13
32
41
21
88
34
30
37
41
66
31
33
62
38
73
36
24
44
30
21
95
34
89
59
33
58
35
220
42
21
39
10
68
35
14
140
45
14
60
42
48
14
25
18
15
30
53
16
101
15
42
99
22
27
40
32
23
7
8
27
39
29
36
22
23
27
25
17
41
12
38
13
10
47
19
30
47
30
29
25
28
41
35
41
9
41
4
25
55
37
59
12
29
53
24
53
48
51
4
27
-3
33
14
63
16
4
17
39
16
30
57
66
36
24
62
7
89
52
25
35
37
27
18
36
38
60
25
36
32
33
40
11
72
39
35
3
35
45
43
32
22
14
68
32
62
44
43
10
36
45
54
50
63
41
36
8
99
29
68
25
71
51
35
52
47
64
5
94
54
71
64
60
59
56
89
90
3
133
81
107
98
84
71
61
96
25
132
77
106
75
87
67
61
115
94
99
65
55
66
40
80
115
147
122
148
141
87
69
230
114
80
80
77
93
114
121
121
140
140
103
89
146
134
128
105
137
129
107
116
134
106
106
100
103
118
154
149
109
149
127
120
149
209
157
144
156
105
91
97
158
194
187
137
88
163
114
198
113
126
13
238
95
107
155
153
107
111
144
102
92
202
157
64
195
108
114
76
156
107
95
69
67
82
96
100
99
124
96
91
112
18
220
115
119
103
102
108
13
203
132
66
77
126
131
101
93
163
123
122
33
82
117
159
162
135
142
19
132
106
253
130
87
171
22
99
81
187
123
67
143
73
172
12
201
115
121
98
127
50
127
117
107
101
94
53
200
115
121
95
96
105
100
85
24
107
182
80
24
173
129
9
131
80
81
78
25
243
30
125
21
177
125
119
81
90
85
35
108
84
87
80
52
85
78
8
124
67
42
71
60
65
72
64
35
58
100
117
107
129
67
93
52
151
114
100
67
31
113
60
75
14
134
161
54
94
97
130
127
112
109
78
-1
152
107
150
75
170
72
98
113
108
146
112
67
30
140
74
27
290
80
34
200
120
89
96
100
100
111
133
71
575
242
165
223
125
109
647
439
268
198
212
397
262
138
133
117
158
130
43
165
102
86
91
125
127
76
117
118
192
116
80
220
93
72
61
36
64
136
52
85
107
36
37
37
103
104
116
13
119
43
38
68
65
86
35
35
69
47
17
137
66
59
38
62
100
99
102
17
132
25
44
93
31
96
44
117
-1
91
77
78
54
55
44
68
74
70
49
8
149
84
68
71
65
56
119
45
19
118
28
53
70
85
47
33
62
62
94
102
78
33
90
55
74
42
42
61
37
32
33
46
64
74
49
57
29
29
21
21
72
72
72
73
79
34
35
69
69
33
56
53
11
1
61
82
35
40
40
72
41
49
51
22
44
16
76
57
48
59
48
16
61
62
4
99
71
25
31
28
12
13
62
40
43
35
36
38
6
48
48
49
17
68
1
37
40
41
27
78
79
25
42
42
19
13
64
36
37
21
34
45
35
9
49
9
32
58
41
28
1
36
36
22
18
12
20
21
21
21
21
21
22
2
38
4
5
13
-14
35
41
12
8
15
4
23
7
33
20
3
3
9
9
9
-11
2
17
-1
33
-8
20
21
133
71
34
11
24
21
35
38
18
-26
22
-1
43
7
55
27
15
25
23
9
18
35
15
11
19
34
31
45
31
32
26
16
11
17
33
21
4
21
47
14
20
11
-1
26
12
37
5
21
22
1
2
19
13
39
44
3
22
33
32
4
15
3
9
8
9
7
19
32
-1
1
8
25
-6
18
13
16
15
16
21
27
6
-10
-9
17
11
16
6
35
100
49
29
23
29
29
19
28
42
24
13
22
16
11
18
8
29
17
21
8
14
31
23
32
31
8
4
5
14
18
1
1
1
-7
15
4
19
5
6
19
1
24
-10
-17
6
2
14
8
8
9
10
8
8
-4
11
15
14
22
2
2
16
10
16
-1
7
23
9
2
2
5
14
15
-4
14
13
4
4
31
3
4
-65
15
15
11
12
-5
-19
21
-3
2
20
6
-11
13
-7
-18
6
7
8
-1
-9
6
-5
4
-5
14
10
17
13
8
12
12
1
8
12
23
27
28
16
32
26
11
22
17
-7
-7
5
29
13
-1
24
6
12
7
7
16
16
5
46
18
23
7
19
12
6
5
7
7
8
11
19
3
4
13
14
15
2
28
6
-1
7
13
10
12
14
13
12
1
-7
17
10
12
4
7
14
-8
16
1
6
7
11
8
4
10
4
4
-8
21
1
1
-3
22
18
11
8
10
3
3
4
-16
9
12
1
9
15
20
3
-2
2
1
-7
7
8
12
4
9
-42
1
26
4
5
-2
3
6
9
12
5
-1
8
-2
-2
1
-3
-3
-1
3
3
14
1
15
-6
-4
22
7
6
13
18
-1
6
5
5
-6
-5
-6
13
9
1
-16
-19
-9
1
5
8
1
5
9
6
-8
-14
6
13
10
4
8
9
5
18
6
14
14
-12
9
26
-14
9
38
-5
40
7
16
-2
18
26
13
23
23
16
15
29
27
13
7
17
23
-37
44
43
43
26
35
48
13
43
53
40
-20
20
23
39
44
8
56
28
23
42
50
45
14
53
55
45
-15
14
48
86
5
50
41
38
3
32
76
6
31
-4
8
57
39
68
64
26
27
31
50
23
58
48
77
37
32
48
44
28
29
70
6
104
5
50
5
1
27
32
40
22
21
21
52
2
1
22
32
11
26
23
14
-8
12
-18
12
42
21
31
36
32
24
17
24
9
2
53
24
4
-12
9
-3
19
31
51
29
30
19
28
18
31
27
10
4
42
6
16
13
36
4
47
37
4
24
72
8
14
15
15
55
8
57
42
6
44
79
19
12
25
84
-29
-1
36
3
25
21
23
11
55
17
26
26
26
26
26
11
-1
27
27
52
48
95
29
28
15
38
51
69
57
65
33
49
41
69
55
31
50
41
41
65
61
69
46
41
36
35
58
72
101
59
55
31
30
68
92
80
40
68
21
39
79
84
197
142
103
254
37
23
24
24
23
24
24
23
24
24
24
23
24
24
23
24
24
24
23
24
24
23
24
24
24
23
24
24
23
24
24
24
23
24
24
23
24
24
24
23
24
24
23
24
24
24
23
24
24
23
24
24
24
23
24
24
23
24
24
24
23
24
24
23
24
24
24
23
24
24
23
24
24
24
23
24
24
23
24
24
24
23
24
24
23
24
24
24
23
24
24
23
24
24
24
23
24
24
23
24
24
24
23
24
24
23
24
24
24
23
24
24
23
24
24
24
23
24
24
23
24
24
24
23
24
24
23
24
24
24
23
24
24
23
24
24
24
23
24
24
23
24
24
24
23
24
24
23
24
24
24
23
24
24
23
24
24
24
23
24
24
23
24
24
24
23
24
24
23
24
24
24
23
24
24
23
24
24
24
23
24
24
23
24
24
24
23
24
24
23
24
24
24
23
24
24
23
24
24
24
23
24
24
23
24
24
24
23
24
24
23
24
24
24
23
24
24
23
24
24
24
23
24
24
23
24
24
24
23
24
24
23
24
24
24
23
24
24
23
24
24
24
23
24
24
23
24
24
23
24
24
24
23
24
24
23
24
24
24
23
24
24
23
24
24
24
23
24
24
23
24
24
24
23
24
24
23
24
24
24
23
24
24
23
24
24
24
23
24
24
23
24
24
24
23
24
24
23
24
24
24
23
24
24
23
24
24
24
23
24
24
23
24
24
24
23
24
24
23
24
24
24
23
24
24
23
24
24
24
23
24
24
23
24
24
24
23
24
24
23
24
24
24
23
24
24
23
24
24
24
23
24
24
23
24
24
24
23
24
24
23
24
24
24
23
24
24
23
24
24
24
23
24
24
23
24
24
24
23
24
24
23
24
24
24
23
24
24
23
24
24
24
23
24
24
23
24
24
24
23
24
24
23
24
24
24
23
24
24
23
24
24
24
23
24
24
23
24
24
24
23
24
24
23
24
24
24
23
24
24
23
24
24
24
23
24
24
23
24
24
24
23
24
24
23
24
24
24
23
24
24
23
24
24
24
23
24
24
23
24
24
24
23
24
24
23
24
24
24
23
24
24
23
24
24
24
23
24
24
23
24
24
24
240
240
240
240
240
240
240
240
240
241
240
240
240
240
240
240
240
240
240
241
240
240
240
240
240
240
240
240
240
241
83
84
84
83
84
84
83
84
84
83
84
84
83
84
84
83
84
84
83
84
84
83
84
84
83
84
84
83
84
84
84
54
55
55
54
55
55
54
55
55
55
54
55
55
54
55
55
55
54
55
55
54
55
55
55
54
55
55
54
55
55
55
64
65
65
65
65
64
65
65
65
65
64
65
65
65
65
64
65
65
65
65
64
65
65
65
65
64
65
65
65
65
22
23
22
23
22
23
22
23
22
23
23
22
23
22
23
22
23
22
23
22
23
23
22
23
22
23
22
23
22
23
23
10
11
11
11
11
11
10
11
11
11
11
11
10
11
11
11
11
11
10
11
11
11
11
11
10
11
11
11
11
11
4
5
4
5
4
5
5
4
5
4
5
4
5
5
4
5
4
5
5
4
5
4
5
4
5
5
4
5
4
5
5
2
3
3
3
3
3
3
3
3
3
2
3
3
3
3
3
3
3
3
3
2
3
3
3
3
3
3
3
3
3
3
0
1
1
1
1
0
1
1
1
1
1
0
1
1
1
1
0
1
1
1
1
1
0
1
1
1
1
1
0
0
0
1
0
0
1
0
0
0
1
0
0
1
0
0
0
1
0
0
1
0
0
0
1
0
0
1
0
0
1
-14
-14
-14
-13
-14
-14
-13
-14
-14
-13
-14
-14
-14
-13
-14
-14
-13
-14
-14
-13
-14
-14
-14
-13
-14
-14
-13
-14
-14
-13
-16
-16
-16
-15
-16
-16
-16
-15
-16
-16
-16
-15
-16
-16
-16
-15
-16
-16
-16
-15
-16
-16
-16
-15
-16
-16
-16
-15
-16
-16
-15
-15
-15
-15
-15
-15
-14
-15
-15
-15
-15
-15
-14
-15
-15
-15
-15
-15
-14
-15
-15
-15
-15
-15
-14
-15
-15
-15
-15
-15
-14
-14
-14
-13
-14
-14
-13
-14
-13
-14
-14
-13
-14
-13
-14
-14
-13
-14
-14
-13
-14
-13
-14
-14
-13
-14
-13
-14
-14
-13
-14
-13
-13
-12
-12
-12
-12
-12
-12
-13
-12
-12
-12
-12
-12
-12
-12
-13
-12
-12
-12
-12
-12
-12
-12
-13
-12
-12
-12
-12
-12
-12
-12
-16
-16
-16
-16
-16
-15
-16
-16
-16
-16
-16
-15
-16
-16
-16
-16
-16
-15
-16
-16
-16
-16
-16
-15
-16
-16
-16
-16
-16
-15
621
621
622
621
621
622
621
621
622
621
621
622
621
621
622
621
622
621
621
622
621
621
622
621
621
622
621
621
622
621
622
692
692
692
692
692
692
692
693
692
692
692
692
692
692
693
692
692
692
692
692
692
692
693
692
692
692
692
692
692
693
741
742
742
742
741
742
742
742
741
742
742
742
742
741
742
742
742
741
742
742
742
742
741
742
742
742
741
742
742
742
742
307
307
308
307
307
308
307
307
308
307
307
308
307
307
308
307
308
307
307
308
307
307
308
307
307
308
307
307
308
307
308
166
167
167
167
167
166
167
167
167
167
167
166
167
167
167
167
166
167
167
167
167
167
166
167
167
167
167
167
245
246
246
245
246
246
246
245
246
246
246
245
246
246
246
245
246
246
246
245
246
246
246
245
246
246
246
245
246
246
246
159
160
160
160
209
209
209
210
209
209
209
210
193
193
193
193
193
193
193
193
385
386
385
386
385
386
385
386
310
310
278
278
278
278
278
279
307
308
308
308
307
308
308
308
229
230
230
230
229
230
230
230
185
185
185
185
185
185
185
185
257
257
258
257
258
257
258
258
219
220
220
220
219
220
220
220
196
197
197
197
196
197
197
197
257
258
258
258
258
258
258
610
1690
1691
1690
1691
1690
1691
1690
1691
2104
2104
2104
2105
2104
2104
2104
2105
2199
2200
2200
2200
2200
2200
2200
2200
1913
1914
1914
1914
1914
1914
1729
1730
1406
1406
1406
1407
1406
1406
1406
1407
1188
1188
1188
1188
1188
1188
1188
1189
701
701
701
702
701
701
701
702
800
800
801
800
801
1084
1084
1085
537
538
538
538
538
538
538
538
430
430
430
430
430
430
430
430
625
625
625
625
625
625
625
625
333
333
334
400
400
400
400
400
500
500
500
500
500
500
500
500
500
500
500
500
500
500
500
500
500
500
500
500
500
500
500
500
500
500
333
333
334
333
333
334
500
500
500
500
500
500
500
500
375
375
375
375
375
375
375
375
500
500
500
500
500
500
500
500
375
375
375
375
375
375
375
375
750
750
750
750
750
750
750
750
500
500
500
500
500
500
500
500
571
571
572
571
572
571
572
1000
625
625
625
625
625
625
625
625
625
625
625
625
625
625
625
625
375
375
375
375
375
375
375
375
333
333
334
333
333
334
500
500
250
250
250
250
250
250
250
250
250
250
250
250
250
250
250
250
500
500
500
500
500
500
500
500
333
333
334
200
200
200
200
200
375
375
375
375
375
375
375
375
500
500
500
500
500
500
500
500
1250
1250
1250
1250
1250
1250
1250
1250
1500
1500
2166
2167
2167
2166
2167
2167
2875
2875
2875
2875
2875
2875
2875
2875
2500
2500
2500
2500
2500
2500
2500
2500
1625
1625
1625
1625
1625
1625
1625
1625
1428
1429
1428
1429
1428
1429
1429
2041
2042
2042
2041
2042
2042
2041
2042
2042
2041
2042
2042
2041
2042
2042
2041
2042
2042
2041
2042
2042
2041
2042
2042
2733
2733
2734
2733
2733
2734
2733
2733
2734
2733
2733
2734
2733
2733
2734
2733
2733
2734
2733
2733
2734
2733
2733
2734
2733
2733
2734
2733
2733
2734
5322
5323
5322
5323
5322
5323
5323
5322
5323
5322
5323
5322
5323
5323
5322
5323
5322
5323
5323
5322
5323
5322
5323
5322
5323
5323
5322
5323
5322
5323
5323
10193
10194
10193
10194
10193
10194
10193
10194
10193
10194
10194
10193
10194
10193
10194
10193
10194
10193
10194
10193
10194
10194
10193
10194
10193
10194
10193
10194
10193
10194
10194
7000
7000
7000
7000
7000
7000
7000
7000
7000
7000
7000
7000
7000
7000
7000
7000
7000
7000
7000
7000
7000
7000
7000
7000
7000
7000
7000
7000
7000
7000
5161
5161
5161
5162
5161
5161
5162
5161
5161
5161
5162
5161
5161
5162
5161
5161
5161
5162
5161
5161
5162
5161
5161
5161
5162
5161
5161
5162
5161
5161
5162
7000
7000
7000
7000
7000
7000
7000
7000
7000
7000
7000
7000
7000
7000
7000
7000
7000
7000
7000
7000
7000
7000
7000
7000
7000
7000
7000
7000
7000
7000
8064
8065
8064
8065
8064
8065
8064
8065
8064
8065
8064
8065
8064
8065
8064
8065
8064
8065
8064
8065
8064
8065
8064
8065
8064
8065
8064
8065
8064
8065
8065
10000
10000
10000
10000
10000
10000
10000
10000
10000
10000
10000
10000
10000
10000
10000
7500
7500
7500
7500
7500
7500
7500
7500
10000
10000
10000
10000
10000
10000
10000
10000
11250
11250
11250
11250
11250
11250
11250
11250
7500
7500
7500
7500
7500
7500
7500
7500
8750
8750
8750
8750
8750
8750
8750
8750
10000
10000
10000
10000
7500
7500
7500
7500
7500
7500
7500
7500
7500
7500
7500
7500
7500
7500
7500
7500
7500
7500
7500
7500
6250
6250
6250
6250
6250
6250
6250
6250
6666
6667
6667
6000
6000
6000
6000
6000
5000
5000
5000
5000
5000
5000
5000
5000
5000
5000
5000
5000
5000
5000
5000
5000
7500
7500
7500
7500
7500
7500
7500
7500
5000
5000
5000
5000
5000
5000
5000
5000
3750
3750
3750
3750
3750
3750
3750
3750
5000
5000
5000
5000
5000
5000
5000
5000
3750
3750
3750
3750
3750
3750
3750
3750
5000
5000
5000
5000
5000
5000
5000
5000
2500
2500
2500
2500
2500
2500
2500
2500
3750
3750
3750
3750
3750
3750
3750
3750
3333
3333
3334
3333
3333
3334
5000
5000
3750
3750
3750
3750
3750
3750
3750
3750
3750
3750
3750
3750
3750
3750
3750
3750
5000
5000
5000
5000
5000
5000
5000
5000
4000
4000
4000
4000
4000
3333
3333
3334
2500
2500
2500
2500
2500
2500
2500
2500
2500
2500
2500
2500
2500
2500
2500
2500
2500
2500
2500
2500
2500
2500
2500
2500
2500
2500
2500
2500
2500
2500
2500
2500
2500
2500
2500
2500
2500
2500
2500
2500
1250
1250
1250
1250
1250
1250
1250
1250
2500
2500
2500
2500
2500
2500
2500
2500
1250
1250
1250
1250
1250
1250
1250
1250
1250
1250
1250
1250
1250
1250
1250
1250
1250
1250
1250
1250
1250
1250
1250
1250
1250
1250
1250
1250
1250
1250
1250
1250
8750
8750
8750
8750
8750
8750
8750
8750
6250
6250
6250
6250
6250
6250
6250
6250
2500
2500
2500
2500
2500
2500
2500
2500
1428
1429
1428
1429
1428
1429
1429
2222
2222
2222
2222
2223
2222
2222
2222
2223
1250
1250
1250
1250
1250
1250
1250
1250
1250
1250
1250
1250
1250
1250
1250
1250
1666
1667
1667
1666
1667
1667
1000
1000
1000
1000
1000
1000
1000
1000
1000
1000
1250
1250
1250
1250
1250
1250
1250
1250
384
385
384
385
385
384
385
384
385
385
384
385
385
384
385
384
385
385
384
385
384
385
385
384
385
385
1250
1250
1250
1250
1250
1250
1250
1250
1428
1429
1428
1429
1428
1429
1429
400
400
400
400
400
400
400
400
400
400
400
400
400
400
400
400
400
400
400
400
400
400
400
400
400