0
539
1327
1423
847
900
1118
1393
2332
3218
3940
3276
3587
3193
2750
2429
3111
5761
2490
1970
1962
1327
1301
1051
567
618
648
441
634
285
192
134
460
249
184
112
79
261
765
1066
916
594
758
1019
1887
907
711
688
712
688
711
711
688
711
687
711
712
641
712
688
928
6806
2481
1651
1837
664
308
135
85
22
-5
-399
-471
-429
-407
-367
178
18712
20121
21819
9080
4583
7286
7520
7407
7035
59479
31451
15228
14533
12709
17250
14875
9200
22766
66095
58876
81856
164548
302613
201161
156678
204064
243871
281250
245000
211000
168000
130000
105000
123333
75834
58750
52500
125972
46556
23384
24631